3242288 1730618407.873442 1730618407.886370 0 0.012928
3242288 1730618407.902377 1730618407.918369 0 0.015992
3242288 1730618407.934380 1730618407.950369 0 0.015989
3242288 1730618407.966394 1730618407.982370 0 0.015976
3242288 1730618407.998377 1730618408.010370 0 0.011993
3242288 1730618408.026376 1730618408.042370 0 0.015994
3242288 1730618408.058375 1730618408.074370 0 0.015995
3242288 1730618408.090380 1730618408.106370 0 0.015990
3242288 1730618408.122379 1730618408.138370 0 0.015991
3242288 1730618408.154379 1730618408.170370 0 0.015991
3242288 1730618408.186379 1730618408.202370 0 0.015991
3242288 1730618408.218376 1730618408.234370 0 0.015994
3242288 1730618408.250377 1730618408.266370 0 0.015993
3242288 1730618408.282381 1730618408.298369 0 0.015988
3242288 1730618408.314385 1730618408.330298 0 0.015913
3242288 1730618408.346380 1730618408.358370 0 0.011990
3242288 1730618408.374376 1730618408.390370 0 0.015994
3242288 1730618408.406377 1730618408.422370 0 0.015993
3242288 1730618408.438376 1730618408.454370 0 0.015994
3242288 1730618408.470381 1730618408.486369 0 0.015988
3242288 1730618408.502381 1730618408.518370 0 0.015989
3242288 1730618408.534377 1730618408.550370 0 0.015993
3242288 1730618408.566375 1730618408.582370 0 0.015995
3242288 1730618408.598376 1730618408.614370 0 0.015994
3242288 1730618408.630380 1730618408.646370 0 0.015990
3242288 1730618408.662376 1730618408.678370 0 0.015994
3242288 1730618408.694381 1730618408.710370 0 0.015989
3242288 1730618408.726376 1730618408.742370 0 0.015994
3242288 1730618408.758377 1730618408.774370 0 0.015993
3242288 1730618408.790382 1730618408.806370 0 0.015988
3242288 1730618408.822382 1730618408.838370 0 0.015988
3242288 1730618408.854379 1730618408.870370 0 0.015991
3242288 1730618408.886377 1730618408.902369 0 0.015992
3242288 1730618408.918379 1730618408.934370 0 0.015991
3242288 1730618408.950377 1730618408.966369 0 0.015992
3242288 1730618408.982380 1730618408.998370 0 0.015990
3242288 1730618409.014381 1730618409.030370 0 0.015989
3242288 1730618409.046376 1730618409.062370 0 0.015994
3242288 1730618409.078383 1730618409.094370 0 0.015987
3242288 1730618409.110376 1730618409.126370 0 0.015994
3242288 1730618409.142380 1730618409.158370 0 0.015990
3242288 1730618409.174376 1730618409.190369 0 0.015993
3242288 1730618409.206377 1730618409.222370 0 0.015993
3242288 1730618409.238380 1730618409.254370 0 0.015990
3242288 1730618409.270380 1730618409.286370 0 0.015990
3242288 1730618409.302381 1730618409.318370 0 0.015989
3242288 1730618409.330517 1730618409.346370 0 0.015853
3242288 1730618409.362380 1730618409.378370 0 0.015990
3242288 1730618409.398378 1730618409.414370 0 0.015992
3242288 1730618409.430376 1730618409.446370 0 0.015994
3242288 1730618409.462380 1730618409.478370 0 0.015990
3242288 1730618409.494381 1730618409.510370 0 0.015989
3242288 1730618409.526376 1730618409.542370 0 0.015994
3242288 1730618409.558382 1730618409.574370 0 0.015988
3242288 1730618409.590377 1730618409.606369 0 0.015992
3242288 1730618409.622382 1730618409.638370 0 0.015988
3242288 1730618409.654379 1730618409.670370 0 0.015991
3242288 1730618409.686381 1730618409.702369 0 0.015988
3242288 1730618409.718380 1730618409.734369 0 0.015989
3242288 1730618409.750381 1730618409.766370 0 0.015989
3242288 1730618409.782379 1730618409.798370 0 0.015991
3242288 1730618409.814379 1730618409.830370 0 0.015991
3242288 1730618409.846376 1730618409.862370 0 0.015994
3242288 1730618409.878380 1730618409.894370 0 0.015990
3242288 1730618409.910381 1730618409.926370 0 0.015989
3242288 1730618409.942381 1730618409.958370 0 0.015989
3242288 1730618409.974376 1730618409.994370 0 0.019994
3242288 1730618410.018376 1730618410.034370 0 0.015994
3242288 1730618410.050376 1730618410.066370 0 0.015994
3242288 1730618410.082376 1730618410.098369 0 0.015993
3242288 1730618410.114375 1730618410.130370 0 0.015995
3242288 1730618410.146376 1730618410.162370 0 0.015994
3242288 1730618410.178380 1730618410.194370 0 0.015990
3242288 1730618410.210375 1730618410.226370 0 0.015995
3242288 1730618410.242377 1730618410.258370 0 0.015993
3242288 1730618410.274380 1730618410.290370 0 0.015990
3242288 1730618410.306380 1730618410.326370 0 0.019990
3242288 1730618410.346380 1730618410.362370 0 0.015990
3242288 1730618410.374395 1730618410.390370 0 0.015975
3242288 1730618410.406431 1730618410.422370 0 0.015939
3242288 1730618410.438381 1730618410.454370 0 0.015989
3242288 1730618410.470381 1730618410.486370 0 0.015989
3242288 1730618410.502380 1730618410.518369 0 0.015989
3242288 1730618410.534383 1730618410.550370 0 0.015987
3242288 1730618410.566376 1730618410.582370 0 0.015994
3242288 1730618410.598383 1730618410.614370 0 0.015987
3242288 1730618410.630376 1730618410.646370 0 0.015994
3242288 1730618410.662376 1730618410.678370 0 0.015994
3242288 1730618410.694377 1730618410.710370 0 0.015993
3242288 1730618410.726376 1730618410.742370 0 0.015994
3242288 1730618410.758386 1730618410.774370 0 0.015984
3242288 1730618410.790380 1730618410.806370 0 0.015990
3242288 1730618410.822376 1730618410.838369 0 0.015993
3242288 1730618410.854376 1730618410.870370 0 0.015994
3242288 1730618410.886381 1730618410.886381 0 0.000000
